ISS score,CGS score,Trauma center,SAPS II,AIS head neck,AIS chest,hemorragic shock,Surgical and/or hemostatic radiological procedures within first 24 hours
14.0,15.0,1,26.0,0.0,0.0,0.0,No
